0.5389973314647738
0.042731750358941833
0.9612204664091458
0.8276951502126855
0.9717989783565038
0.06815044877144816
0.3743603793043415
0.2908396373998644
0.12377863812218459
0.8706521786981771
0.5469491954908215
0.8288968901337866
0.2006544590748901
0.6901702562050133
0.1403853916599136
0.3649927108116199
0.22779748556999746
0.040616959949682174
0.771634334435347
0.3581745361285147
0.44225467626451576
0.572268837587956
0.48854931591883566
0.09269214627259537
0.06719841496661261
0.8760774134922533
0.02822918393124063
0.5522410021753795
0.16656767589473687
0.42272939176835067
0.13730198727588327
0.8555925989168188
0.3841399760150561
0.04991789501337529
0.8593232338461623
0.9216137657046711
0.22592277202804578
0.47361181971385224
0.3820323671635901
0.8753115965811418
0.5724223149446539
0.5542919266847374
0.9747770291613957
0.17578902410217
0.39947995903954225
0.4580194878054108
0.7723065832092034
0.7668368932363084
0.37835978091138367
0.42493670635551384
0.2510024656547545
0.8199097247849211
0.7683643273066185
0.5374060520518275
0.005466663696767293
0.06242055343970332
0.37310754023972736
0.3595103572511683
0.29664312965331807
0.9204513683851302
0.07387967393358208
0.8428596016710401
